0.8271996440754099
0.009533300454305227
-0.8300661215968728
-0.20456828915731906
-0.21468113519506415
0.39300145669985076
0.42006688121093494
0.0012716957331118106
0.16078294786795277
0.525412291191039
-0.21390749990308033
0.018103327681151526
0.7575302390857457
0.7940710131827071
0.976464068582438
-0.8658786144366164
0.4089484119134694
0.47833869790508476
-0.3855938492501647
0.8227589836114324
0.3204307863176894
-0.5198157380746506
-0.9374269672729107
0.7826962602462737
-0.7844585901858472
-0.6674260736238258
-0.6016353905998966
0.9346862955554529
-0.6977797059141428
-0.578103147040395
-0.9040319756974502
0.8232098992355459
-0.45927251496475185
0.487785652644082
-0.46153884792341415
0.8224063839641558
0.4373583307728426
0.47044812864175145
0.6815297792511814
0.48202169287241925
0.0020169999965107266
-0.5818344982944859
0.24379520242541886
-0.03528874197068843
0.7931125060636008
-0.6143992905636513
0.9243859781745563
-0.9630007454163563
-0.9630434308141831
0.24156416563870775
0.8665446077906482
-0.8470419996765923
0.340640011468907
0.2331942856170217
0.7195698383198377
0.659793991463322
-0.7542983370804299
0.3586909695500289
0.1460289085399349
0.5408498754356283
-0.9310944028696142
-0.3712766552376996
-0.6173203813848964
-0.7865484718002569
-0.6433476599676653
0.24365615585631084
-0.030902503599901543
-0.6127217657177317
0.9577757377819094
0.872957770702327
-0.7376196801591866
0.8466403860913112
-0.9744455466458484
-0.8927821589353697
0.07560538337770617
0.14538787642627882
-0.299450129585898
0.525632997431768
-0.5040794142228573
-0.08853934246542217
-0.010733134632721963
-0.5675157234395745
-0.9556366208872866
0.7035625237306848
0.297948809226692
-0.4013797445307681
-0.6338513147845486
-0.9373890519535799
-0.7826488267587055
0.39521936893787757
0.9349962604982223
-0.6915380644215674
-0.806623246576698
-0.5679254929579949
-0.5177496256220468
0.7642310076786272
0.8115818348048436
0.17925982930313422
0.5896900129793603
0.7797771702120633
-0.702433547025282
0.9634286245057413
-0.41769249982560197
0.13582269615936982
-0.9245210428164434
-0.9099231066963389
0.17718579727113393
-0.9995361894549684
0.5302034957953639
0.9335813580002401
-0.3542635819160538
-0.1846366442737879
-0.10063741435156182
-0.7793420835963802
0.8571626345762509
-0.06943645207358129
-0.9862367151451961
-0.5727033465964559
-0.6340832284676123
0.9173921074104676
-0.7262065785502663
-0.0456520744536153
0.130170637072758
0.2992871024757999
-0.9262162947634456
0.7520164147870037
0.18231574514209092
0.23404754001478922
0.15442822780356402
-0.32397077709859734
-0.40339262277654697
-0.912990962903186
-0.8304085413775062
0.163569208506251
-0.022146315716755627
0.49159301059656113
0.2593591032932083
-0.7607658160332522
0.46420777915058675
0.48067224687386556
0.8958045916242843
0.39746043768250616
-0.6619032819945434
0.06396372548649731
0.7972482068222271
-0.30806790364094194
-0.39029160756449977
0.3935156552695014
0.5096988658350758
0.8156330419074844
0.7273055609115859
0.2946320198414949
0.11859742507042803
0.8435117648898682
-0.38440809906189854
0.2599813246910172
0.960957729504607
-0.40787871571748435
0.0018666757476899498
-0.8688028426279377
-0.7228722036887367
-0.0381497080148947
0.6721839649155448
0.6823261558159486
0.19287369150074962
0.5044601721749877
0.9498908961201062
-0.3176151870839532
-0.6864312881810533
-0.6194864115576848
0.17019716165994936
-0.19368639510602348
-0.7315602290010896
-0.7551114251203301
-0.23126820286723282
0.5196754266273313
0.46649918312189254
-0.6134625694941329
0.226670991785467
0.8850936114354644
0.527914627549132
0.7963734951808317
-0.021938437336532557
0.9268911878662973
0.6168189412533174
-0.5804170252400467
-0.7880282110566534
0.35495083019954876
-0.9604326689968579
-0.6803868815769158
0.779393823395294
0.1183386287464685
-0.8672131117590807
-0.5294918842446683
-0.09283091886462125
0.5522108775406471
0.7518605470740112
0.5610273654594864
0.5342665886301716
-0.1266405134901587
0.3564243352831662
0.4047444486402392
0.4560255754036031
-0.23830126677547203
0.3390178338462053
-0.6828577743222404
-0.7803541431512004
0.6524580980580699
0.6207700678225281
-0.30722544057638723
0.42660051719040304
0.07444302783588452
-0.7453052907385227
0.6827988439275035
-0.5363127166431636
0.5538831748656059
-0.32142991425620737
0.30216715529471805
0.6129061946133236
0.1727701772870569
-0.8714632036241272
0.28059636298977075
0.2572478340956892
0.33222035733551225
-0.5696825920498632
0.04500425643563566
-0.3577565939175815
-0.0622660912358588
-0.3277851739800499
-0.5655114303843345
-0.4778196215602377
-0.06897257340691665
-0.056797151990837236
-0.11067723108621297
-0.12989026650279123
0.1264328531114598
-0.3242195143438211
0.23532453614263038
0.3984210138279194
0.7848980609849459
-0.061177136499743545
-0.8021463961992843
-0.2904998834235537
0.3908874006015892
0.5988390271537678
0.980433483263462
-0.9536051882181267
0.6338947009033433
0.58900007492556
-0.2274302820883598
-0.371172647344419
-0.1422773139113922
-0.522710360026349
-0.2105699222661328
-0.23622246520373769
0.2826309527841029
-0.10537602458215889
-0.6636906185070821
-0.8573347433637399
0.26715044968419255
-0.6853038601470836
-0.05316377624674051
0.7568552698026658
-0.9487672466707193
0.8371011311313743
-0.29377759073385934
-0.3016186915423926
-0.6548971900875831
0.40341968842785914
-0.7522893866443152
-0.38641917391928793
0.43604444809687415
-0.5028616046365875
-0.4025503070206775
0.3220608431304397
0.3745541109964243
0.8764263032733488
0.2803197523591767
0.6811346258792794
-0.5393988895956245
0.448749984069857
0.5849927074800323
0.027756883319374204
-0.2819749448124813
-0.3656199260096775
-0.968690015452206
-0.405190511544677
-0.505363978735639
0.8814052141961857
-0.7508878140675215
0.5201095381623997
0.85619683883794
-0.8113038888403572
0.7114188167118216
-0.7669354256865357
-4.348977210009153E-4
-0.5897990264212367
-0.4069809642030868
0.7430899872299326
0.03693011127380008
-0.86963636735257
-0.552667796076916
0.6375760403837869
-0.8219378121669099
0.6391735691253053
-0.7344632732423364
0.8646200798744472
-0.779518139630351
0.25351160224470437
0.04792212702538512
0.8452621878758915
-0.7756599193990807
-0.11105685912371577
0.4165263866286226
0.7619240295659102
-0.8377003857293921
0.8650747487606725
-0.08287861169678745
-0.8039696895738035
0.5581633661692753
-0.36436798156862893
0.7861283711378091
0.8157613446500345
0.3526494208632436
-0.31301125554281883
-0.7563163488626712
0.22607872058003142
0.7532608432768009
0.08850115456859808
-0.8365107618332159
-0.4304984474574556
0.4469525361697335
0.850794429255362
-0.35113583168384155
0.6089544251177039
-0.0802348421750263
-0.17967386935883178
-0.9139380763483027
-0.2960939399291056
-0.25722800959672565
0.7983209028685871
-0.2782763770869152
0.2984046032944412
0.05690561265331273
0.7247744497711419
0.6824966396860355
0.8693100597972341
-0.6841443850730524
0.09444662910621116
-0.5703753379152268
-0.2521647320716336
-0.25100036588422037
0.9827649712442479
0.1425316560369274
-0.34127317162975435
0.4017090306412918
0.04325985452880654
0.7761428000103241
-0.8234073611760779
-0.166344450149986
0.7550792766449206
-0.6656525302724585
0.7595545449633605
0.4402960931443731
-0.9520403256643661
-0.28612518097424533
-0.1747216518739536
-0.968908243828625
-0.5323298982967377
-0.3519763731385397
-0.1443689959361525
0.48534641508214826
-0.505494641606528
-0.9644224702949953
-0.8509099856140938
0.5989251296618181
-0.2882392124108233
0.9437318242022172
0.8391820813182378
0.16834293608107775
-0.14745530199321655
-0.49996357349002984
-0.7457951261081339
0.8852602861128354
-0.2582265183576562
-0.5979308087421653
0.4138243253213645
0.5087727957934374
-0.8860232654671436
-0.05837439675444922
-0.44180251753284705
-0.8817487227218095
-0.4745535378116317
0.6446828773689468
0.21153701112148293
-0.8588991579157468
-0.27465971487070173
-0.38649634172236036
-0.22164840891029658
0.22258511685502236
-
-0.3831328814472905
-0.5273701190728468
0.9467071437660506
0.019713013197362184
0.4361467412843476
0.34706547581321967
0.25587715686740564
0.1792936561793439
0.19948000613370098
-0.006534265918241022
-0.8230478782323343
-0.791390848520702
-0.143381016434313
-0.4034066265500933
-0.4536060399748463
0.3468346131836102
-0.7301517859713422
0.8074157750927047
0.7150999461940271
-0.7467142715417614
0.23893153289585878
0.6626428404775249
-0.27511408142407356
0.6361176640577595
0.058699522849592345
-0.3530939836552067
-0.06011876670158456
-0.20323368564118272
0.2433718407068406
0.362238668444836
0.13509449586068722
-0.5067297597172349
0.49116107394507025
0.47459738150717157
-0.8598887477576715
-0.3630627577169667
-0.7853401040610057
0.12474047850737047
-0.9559122769338035
-0.23934930674969745
-0.9730363722197359
0.820858646363043
0.6889092430136949
-0.06656442199842205
0.4504362199283043
-0.027068402776895484
0.7105831977104675
0.8447351321408634
-0.1955212025741
0.683861263885635
-0.26535897541450315
0.14317525606859327
-0.26938604299312674
0.18001104197255202
0.4895262128853506
-0.2115769900404334
-0.8723480899905924
0.3438591892810594
0.5726480919231447
0.16107306188109427
-0.6033421484942614
0.20405106489694425
-0.6130147489856004
0.9743243182679147
-0.16510738000962522
0.9432151890415508
0.3618248283764447
0.6425373686500788
0.7698524026601639
-0.9985165432431877
-0.020573006072199362
0.6855906029492389
0.5889861804333618
0.18373730107268327
0.3501074940005042
-0.015717752322292444
0.19762194340298067
-0.6788236705522539
0.11143423040192535
-0.7491475321690138
-0.37291213133080037
-0.007112995556137536
-0.7270636369783277
0.9400289519367468
0.5169648004356928
-0.919335436325516
-0.7140716489707075
-1.7387877170182975E-4
-0.9901373172437098
-0.489577994133533
0.08875411964989688
0.34765803209658785
0.22406414745246095
-0.5739044041833763
-0.8390407695787845
0.7561511702960368
-0.09116691174490921
-0.7529637107662956
-0.28439696715699125
-0.05562637694396244
-
0.013143917056491452
-0.03691872740068153
0.02696711554870062
-0.041373767988289775
0.00499790121751157
0.03538822714881422
0.04862416647796293
-0.008800616582306395
-0.01108860244757363
-0.004308990477535253
0.011795807555281534
0.0015976637185500676
-0.004219262617344775
-0.32198846497710887
0.3321214045187812
5.419377210550227E-5
-0.004566809057108436
-0.001595890588830945
0.016409894795668515
-0.008294634449344735
-0.0011283715324579074
-0.007575097325345198
0.1337917013779145
-0.12314071361180648
0.0019795934006470255
0.01591170283351784
-0.014647841369494824
0.008286903599483478
-0.007511799477921601
-0.0013528182449901605
0.020542696316923018
-0.008097735581020822
0.01657807524136619
-0.0225457866961427
0.007037561544497318
0.0021766568375887856
0.0020600279112636547
9.805278246132024E-5
-7.292716890531323E-4
-0.0029332933332851625
-0.0046698849965864375
0.005232153956613143
-0.002033159096389949
0.016332336706068137
-0.012104295321882149
-0.030763700647929236
-0.010545376349105323
0.0374045078699448
0.01829554930299406
-0.001955261368834244
-0.36815712194040046
0.35369403650644937
0.0078069168541900595
0.004384707595932517
0.04859408782322982
-0.008779221524272601
-0.011043454707081716
-0.004311905013402317
0.011799615977772907
0.0015683691263265447
0.022845430853255192
-0.003153704413205187
0.12347506276134716
-0.13336665160450434
0.008500245080513617
-0.0017874091858666127
0.007451958256831838
-0.006262146208836146
0.003532375393861279
0.05281823824002625
-0.05335207472924977
-0.001518484106849483
0.04816853274415316
-0.029427478755539353
-0.006467712728101473
-0.0025422905351126417
0.005804013793862526
5.40620400488923E-4
0.04859408782322982
-0.008779221524272601
-0.011043454707081716
-0.004311905013402317
0.011799615977772907
0.0015683691263265447
0.02096822582820284
0.006381026439522491
0.03234150423356329
-0.024133944347454157
-0.017393731639181318
3.640329044850921E-4
2.0985624141931104E-28
-1.7061018494864692E-28
-2.5561753094821047E-29
1.192121147402803E-28
-1.1726361015215314E-28
4.93230266611459E-30
8.316062278493067E-11
-2.9753590320588004E-11
-2.0400469120516853E-11
1.1807296661896253E-10
-1.115509094312855E-10
9.148428758486915E-12
0.029761825584557408
-0.01194722735624661
-0.010697635639776222
0.0024610071475200295
-2.8523140268220046E-4
-0.0014781330214851344
5.2222527819303254E-9
-5.003295203749705E-9
-7.84342357300876E-11
4.046085985320434E-9
-4.086771467607384E-9
3.07167533596495E-10
0.0013571334388804512
2.437902452814527E-4
-7.169472493600217E-4
7.32034300486163E-4
-4.28480753249705E-5
-3.835584264370652E-4
0.015830667913135817
-0.014289658314732542
0.0070289838336883
0.13603077331082347
-0.15362257199252494
0.017284702527773584
-0.003666503761144635
0.010336273769816703
2.10820782012308E-4
-0.008306835006215667
0.009975192430720444
6.166860777212953E-4
0.009805763291482555
0.010437884146017248
-0.016714101693763868
-0.0017509568163550306
0.005851330426602706
-0.0011483111694453002
-0.0014899387577862926
-0.0019732671941134206
0.00301805270755999
0.031103791261922704
0.036693632495176244
-0.06603392968977785
0.04859408782322982
-0.008779221524272601
-0.011043454707081716
-0.004311905013402317
0.011799615977772907
0.0015683691263265447
5.110165895834938E-5
-0.0036153737473057154
0.0025247784823883308
0.020220614797385725
0.052724644665673656
-0.07101949143530761
-0.18557807614628916
0.200552683696779
-0.009935016744322095
0.01442344074317483
-0.013100306760711704
-5.462917679826009E-4
0.03368507136708462
-0.07600214815192317
0.055029650387431336
-0.0034487512623945114
0.005122114615090495
0.0031433415211778353
0.019050822908899954
6.805936115236847E-4
-0.008424885797776891
0.1468956316153915
-0.14312856984452632
8.547487734203835E-4
-0.0018342410353681367
-0.0034508999407391813
0.0030782789574990014
-0.0016745568789083445
-0.0023804598468150917
0.004104352091757069
0.01029179115863389
-0.020081710148753328
0.011082124613377133
0.007552436483282621
-0.9442474119755552
0.9400155365507658
-0.0033810342606104523
0.004720665534267573
-0.00238187025564181
0.06951122793254404
-0.06705419495856152
-7.564470840125681E-4
-0.14064881301534915
0.13751620648184604
0.0031047959938339297
-0.03351630688466218
0.033999530282577656
-0.0017418258215412981
-0.005360196144649392
0.010437776940891276
-0.0048964014396502146
-0.32498211110125746
0.32619099901113463
5.974404745110974E-4
0.04859408782323006
-0.008779221524272966
-0.011043454707081384
-0.0043119050134023664
0.011799615977773084
0.0015683691263279082
-0.109529080648969
0.09637469777541435
0.019742799656534686
-0.01243165695958938
0.013530813437638846
0.005446595019517361
-0.02916745411670378
0.048222398681466896
-0.005305097354178032
-0.0408366076395565
0.04514629825610028
-0.0021614565617930175
0.04859408782322982
-0.008779221524272601
-0.011043454707081716
-0.004311905013402317
0.011799615977772907
0.0015683691263265447
-8.581365614089322E-4
0.0773064432843023
-0.07260177199392921
-0.008345425462236312
-0.00119347620681611
0.00666683989694687
0.023681274339303244
-0.006839308398428216
0.07144261797338863
-0.07068695220258576
0.007658362243763331
-0.007329596965795951
-0.05813648302185136
0.08533353098525732
-0.01930129709133168
-0.02045722117965344
0.022978384705585532
-0.004653221071932752
0.04372674332316763
-0.014987887158334563
-0.003844058788042593
-0.012723877501588316
0.016111635085774883
0.004065854947810546
0.010190546099534348
0.00971401675662974
-0.010326558194523858
0.008326042348627634
-0.005755503223963884
-3.744605427072529E-4
0.0017093494459892533
-0.004517459264907183
0.0032736354813050774
-0.005009792399334318
-8.881455001699678E-5
0.004991424057338513
0.04859408782323544
-0.008779221524284814
-0.011043454707077608
-0.004311905013398542
0.011799615977768577
0.001568369126327766
-0.17509543487660348
0.1742176274604435
0.002641897949890706
-0.021832636762212098
0.02261650588343661
-7.581857611254081E-4
0.0038960470828275093
-0.2452764798842858
0.24253012789618808
0.00444367651270654
0.01036056926663758
-0.012129231421124402
0.011772345464442243
0.012844153060173075
-0.014288722288371343
0.005504856336200959
-0.0017538217988328332
-0.0052708256958420635
0.012523480121424818
-0.0045861646878107756
-2.526568234573663E-4
-0.01682380011651185
0.002171532570726024
0.015329027781353907
0.04859408782322982
-0.008779221524272601
-0.011043454707081716
-0.004311905013402317
0.011799615977772907
0.0015683691263265447
0.048582145523266604
-0.008771461927929752
-0.011045714643503271
-0.004306036668707745
0.011801751237211193
0.0015586912603583868
5.524821027252519E-4
0.034846453636830386
-0.039645947609405895
0.01106003066798196
1.158281387195672E-4
-0.007403766999319876
0.048594087815494603
-0.00877922150267205
-0.011043454722834302
-0.0043119049918017545
0.011799615933070561
0.0015683691498309706
-0.006143199077524632
0.018604486681441885
-0.009655653894996015
-0.514993195999125
0.5113033628993084
0.005630322451563417
0.048594101771055324
-0.008779255298017423
-0.011043448071321446
-0.004311901464899683
0.01179961384035598
0.0015683778314533603
-0.013386567778811942
0.009165145889978053
0.0017318477211625534
0.04655793181585552
-0.049829942962496404
0.007239380492934469
-5.409070220119712E-16
-1.0034803558468558E-15
1.0428690835959503E-15
-6.446775524419395E-16
1.2884124201904471E-14
-1.2389253117291673E-14
-6.618914393219293E-18
1.205374411563264E-17
-2.8004179867704434E-18
4.5370742999093584E-18
-5.937952416439112E-18
-1.3370590495386337E-18
0.01250799249760281
0.007716815488643472
-0.010949962503577949
-0.015704193015886225
-0.010190332972802668
0.026610936323117392
-0.2706526427924729
0.28491911662039865
-0.008429458731810413
0.026024662960625077
-0.024818154120985706
8.40435351730973E-4
0.008534850875810952
0.01201869779870309
-0.014804923672090445
0.005757818550920977
0.04364290869440962
-0.04627993766157562
-0.0038320014564194576
-0.4802296896960922
0.48254977204562977
0.004385768203471093
-0.004457180812744669
-3.561218658710511E-4
-0.044009385922850225
0.05229639615627959
-0.016577725958763636
0.27633025327487887
-0.2829449560060255
0.015333650655292273
0.005462192519468756
-4.5956331176238795E-4
-0.0015741944260285138
0.005825995080307755
0.07793604444367075
-0.08231063051999954
1.5184957541419888E-6
3.961513168440956E-6
-4.001381633952411E-6
5.0525960729820405E-6
-2.048490044751318E-6
-2.2997300732934206E-6
0.01056240648097332
-0.036804632964272464
0.032878555282328574
-0.0050995224591013685
0.005690573924924809
0.0037961177739803853
0.0158589168627251
-0.023015307621546324
0.07957474217054726
-0.07199440322506537
0.010913706641931037
-0.0014275445768572067
-0.6196136765480259
0.6082097597977156
0.01430902489398135
-0.00623648853380292
0.006528778254214117
0.0034495996182514078
0.019555048244726148
-0.08990497027285899
0.0636811145627185
-0.005918643283585793
0.0022097483042718873
0.013883591394585195
0.014435311707307085
-0.001632708801247586
-0.0043582146318134375
-0.0031764326756397853
-0.15874765546146788
0.16448296937847454
0.0485935967147543
-0.008778138760397024
-0.011044240109403839
-0.004311187556340423
0.011801521066127588
0.001565847631284931
-7.570234192711743E-7
1.0096239162986142E-6
-2.1535231154034127E-7
-4.753792940520667E-7
5.00806722920673E-7
-8.175397517250863E-8
0.04859408782322982
-0.008779221524272601
-0.011043454707081716
-0.004311905013402317
0.011799615977772907
0.0015683691263265447
0.0010604982030429616
-0.0024694098421858377
0.001742404843870898
-0.0027218163307719864
-2.249292635077057E-4
0.0029127430582147036
0.01108303976049999
0.006991397764294811
0.04453867584206717
-0.0777854269009826
0.005613746694772943
0.01821045419491037
0.08248840294165789
-0.0818128806318564
0.00530523919987251
-0.0013218103811401941
0.002598712916181393
0.0021984504663671214
0.009766810586004102
-0.005748883914402578
0.0015575371983990913
0.03144299247729247
-0.032111096067041836
-4.343049664556971E-4
0.011479667578015693
-0.007867093296451029
-0.03229772572725674
0.03967996796621756
0.0035307668692179505
-0.009201994675547095
0.015263563096575571
-0.004400737299172206
-0.05215613505380048
0.054674648734972735
0.004475848907084242
-0.007151078573101456
0.04184607390070372
-0.04221646712362126
0.0023822649176871076
-0.00738296188668706
0.008415565385820407
0.0018560209061309176
0.048594082573140504
-0.008779216454538535
-0.011043455201671737
-0.004311905806733551
0.011799616647852899
0.0015683688370988474
0.026226489172574127
0.008271537970895707
-0.016709107945488882
-0.0038098175170020562
0.009037839084698723
-0.0016667106239279111
0.015170233536039081
-0.0013195173195928132
-0.01621863871537074
0.04727980479396418
0.048859901484759556
-0.08876298375802018
0.04859384675718552
-0.008778600952401665
-0.011043902105880838
-0.004311217287504644
0.011799643043917833
0.0015676679118638535
-0.003215559331857784
0.004374230272063482
-8.815103905590077E-4
-0.0021471331984141903
0.0022824197988786567
-3.2811471570429033E-4
0.04859408782312282
-0.008779221523690248
-0.011043454707543802
-0.004311905012781024
0.011799615976417606
0.0015683691270939014
0.013308966701467114
-0.006206923073796808
-3.099503027878558E-4
-0.005035909569262037
0.08871457381344143
-0.08123546488005098
0.1091249876789915
-0.10309200386618061
0.003994399893194042
-0.017240367031670055
0.01980484002397824
0.0013028415806630546
0.016702022012801507
0.002863400245859492
-0.0044110802295366
-0.05661084151146775
0.06154164705644179
-0.0029085239383794797
0.01099056469948715
0.0032339079422962855
-0.00654485551713102
0.0027756005208032317
-0.20335499180789002
0.20265262119868543
0.04859408782322982
-0.008779221524272601
-0.011043454707081716
-0.004311905013402317
0.011799615977772907
0.0015683691263265447
-5.65151521167812E-12
7.823260428742342E-12
-1.6640614671754828E-12
-4.405298286965214E-12
4.671503102681236E-12
-6.530028915398124E-13
-0.002503474307029099
4.2375401180238484E-4
0.002238509347143692
0.03095176034688718
-0.04825635728967206
0.016337731577945123
0.00788513623583598
8.954345821284612E-4
-0.00372694942855071
0.002655311482829018
-0.004479212685957135
0.0035000710480442795
0.04859408783600045
-0.008779221543692445
-0.01104345470379131
-0.004311905012886507
0.011799615976011205
0.0015683691263411997
0.015217035209217761
4.808292994307711E-4
-0.4566026503324247
0.44150958158969256
0.003471163209597794
0.008982076834292179
0.0485940869154962
-0.008779232077368177
-0.011043460662925818
-0.0043118931395646175
0.0117996148536176
0.001568374395178632
3.25307715976269E-24
-1.1710046720149348E-24
-1.2420551202429052E-24
1.3066777838194906E-24
-1.0828159488161916E-24
-6.967026329419672E-26
-0.027120793107629104
0.03824225895209994
-0.007953019116454917
0.010325441251141074
-0.00944083258802689
-6.684236117205679E-4
2.8323694543864265E-4
-2.5359805968551446E-4
1.1542038580096076E-4
-1.751238096094643E-4
2.8324495296250436E-4
-7.331155884085993E-5
